DBRep_DrawableShape

CASCADE Topology V3, (c) Open Cascade
Locations 4
1
              1               0               0               0 
              0               1               0               0 
              0               0               1            0.02 
2  1 -1 0
1
              1               0               0            0.02 
              0               1               0               0 
              0               0               1               0 
2  3 -1 0
Curve2ds 0
Curves 18
1 -0.0050000000000000001 0.0050000000000000001 0 0 0 1 
1 -0.0050000000000000001 -0.0050000000000000001 0 0 0 1 
1 -0.0050000000000000001 0.0050000000000000001 0 0 -1 0 
1 0.0050000000000000001 -0.0050000000000000001 0 0 0 1 
1 -0.0050000000000000001 -0.0050000000000000001 0 1 0 0 
1 0.0050000000000000001 0.0050000000000000001 0 0 0 1 
1 0.0050000000000000001 -0.0050000000000000001 0 0 1 0 
1 0.0050000000000000001 0.0050000000000000001 0 -1 0 0 
1 -0.0050000000000000001 0.0050000000000000001 -0.0050000000000000001 1 0 0 
1 -0.0050000000000000001 0 0 1 0 0 
1 -0.0050000000000000001 0.0050000000000000001 -0.0050000000000000001 0 -0.70710678118654757 0.70710678118654757 
1 -0.0050000000000000001 -0.0050000000000000001 0 1 0 0 
1 -0.0050000000000000001 -0.0050000000000000001 0 0 1 0 
1 -0.0050000000000000001 -0.0050000000000000001 -0.01 1 0 0 
1 -0.0050000000000000001 -0.0050000000000000001 0 0 0 -1 
1 -0.0050000000000000001 0.0050000000000000001 -0.01 1 0 0 
1 -0.0050000000000000001 0.0050000000000000001 -0.01 0 -1 0 
1 -0.0050000000000000001 0.0050000000000000001 -0.01 0 0 1 
Polygon3D 0
PolygonOnTriangulations 45
2 1 2 
p 1.00001e-05 1 0 0.02 
2 4 3 
p 1.00001e-05 1 0 0.02 
2 4 3 
p 1.00001e-05 1 0 0.02 
2 1 2 
p 1.00001e-05 1 0 0.02 
2 1 4 
p 5.0001e-06 1 0 0.01 
2 1 2 
p 5.0001e-06 1 0 0.01 
2 2 3 
p 1.00001e-05 1 0 0.01 
2 4 3 
p 1.00001e-05 1 0 0.02 
2 1 2 
p 1.00001e-05 1 0 0.02 
2 1 4 
p 5.0001e-06 1 0 0.01 
2 2 3 
p 5.0001e-06 1 0 0.01 
2 2 3 
p 1.00001e-05 1 0 0.01 
2 4 3 
p 1.00001e-05 1 0 0.02 
2 1 2 
p 1.00001e-05 1 0 0.02 
2 1 4 
p 5.0001e-06 1 0 0.01 
2 3 4 
p 5.0001e-06 1 0 0.01 
2 2 3 
p 1.00001e-05 1 0 0.01 
2 1 4 
p 5.0001e-06 1 0 0.01 
2 4 1 
p 5.0001e-06 1 0 0.01 
2 2 3 
p 1.00001e-05 1 0 0.01 
2 1 2 
p 1.50001e-05 1 0 0.02 
2 4 3 
p 1.50001e-05 1 0 0.02 
2 4 3 
p 1.50001e-05 1 0 0.02 
2 4 3 
p 1.50001e-05 1 0 0.02 
2 1 4 
p 5.0001e-06 1 0 0.00707106781186548 
2 1 2 
p 5.0001e-06 1 0 0.00707106781186548 
2 2 3 
p 1.00004e-05 1 0 0.00707106781186548 
2 1 2 
p 1.50001e-05 1 0 0.02 
2 1 2 
p 1.50001e-05 1 0 0.02 
2 1 4 
p 5.0001e-06 1 0 0.005 
2 3 2 
p 5.0001e-06 1 0 0.005 
2 2 3 
p 1.00004e-05 1 0 0.005 
2 4 3 
p 1.50001e-05 1 0 0.02 
2 4 3 
p 1.50001e-05 1 0 0.02 
2 1 4 
p 5.0001e-06 1 0 0.01 
2 3 4 
p 5.0001e-06 1 0 0.01 
2 2 3 
p 1.50001e-05 1 0 0.01 
2 1 2 
p 1.50001e-05 1 0 0.02 
2 1 2 
p 1.50001e-05 1 0 0.02 
2 1 4 
p 5.0001e-06 1 0 0.01 
2 5 4 
p 5.0001e-06 1 0 0.01 
2 2 3 
p 1.50001e-05 1 0 0.01 
2 1 4 
p 5.0001e-06 1 0 0.005 
2 5 1 
p 5.0001e-06 1 0 0.005 
2 2 3 
p 1.00004e-05 1 0 0.005 
Surfaces 11
1 -0.0050000000000000001 0.0050000000000000001 0 1 0 -0 0 -1 0 0 -0 -1 
1 -0.0050000000000000001 -0.0050000000000000001 0 0 1 0 1 0 0 0 0 -1 
1 0.0050000000000000001 -0.0050000000000000001 0 -1 0 0 0 1 0 0 0 -1 
1 0.0050000000000000001 0.0050000000000000001 0 0 -1 0 -1 0 0 -0 -0 -1 
1 -1.6940658945086007e-19 -1.6940658945086007e-19 0 0 0 1 1 0 -0 -0 1 0 
1 -0.0050000000000000001 0.0050000000000000001 -0.0050000000000000001 0 -0.70710678118654757 -0.70710678118654757 0 -0.70710678118654757 0.70710678118654757 -1 -0 0 
1 -0.0050000000000000001 -0.0050000000000000001 0 0 0 1 0 1 0 -1 0 0 
1 -0.0050000000000000001 -0.0050000000000000001 0 -0 1 0 0 0 -1 -1 0 -0 
1 -0.0050000000000000001 0.0050000000000000001 -0.01 0 0 -1 0 -1 0 -1 -0 -0 
1 -0.0050000000000000001 0.0050000000000000001 -0.01 0 -1 0 0 0 1 -1 0 0 
1 -0.0050000000000000001 -0.0005347116131354518 -0.0055347116131354516 1 0 0 -0 0 1 0 -1 0 
Triangulations 11
4 2 1 0 2.16840434497101e-19
-0.005 0.005 0 -0.005 0.005 0.02 -0.005 -0.005 0.02 -0.005 -0.005 0 0 -4.16333634234449e-19 0 -0.02 0.01 -0.02 0.01 -4.16333634234449e-19 4 1 2 4 2 3 
4 2 1 0 2.16840434497101e-19
0.005 0.005 0 0.005 0.005 0.02 -0.005 0.005 0.02 -0.005 0.005 0 0 -4.16333634234449e-19 0 -0.02 0.01 -0.02 0.01 -4.16333634234449e-19 4 1 2 4 2 3 
4 2 1 0 2.16840434497101e-19
-0.005 -0.005 0 -0.005 -0.005 0.02 0.005 -0.005 0.02 0.005 -0.005 0 0 -4.16333634234449e-19 0 -0.02 0.01 -0.02 0.01 -4.16333634234449e-19 4 1 2 4 2 3 
4 2 1 0 3.06658683336675e-19
-0.005 0.005 0 -0.005 -0.005 0 0.005 -0.005 0 0.005 0.005 0 -0.005 0.005 -0.005 -0.005 0.005 -0.005 0.005 0.005 4 1 2 4 2 3 
4 2 1 0 2.16840434497101e-19
0.005 -0.005 0 0.005 -0.005 0.02 0.005 0.005 0.02 0.005 0.005 0 0 -4.16333634234449e-19 0 -0.02 0.01 -0.02 0.01 -4.16333634234449e-19 4 1 2 4 2 3 
4 2 1 0 1.96357364789231e-18
-0.005 0.005 -0.005 0.015 0.005 -0.005 0.015 0 0 -0.005 0 0 0 -4.16333634234449e-19 0 -0.02 0.00707106781186548 -0.02 0.00707106781186548 -4.16333634234449e-19 4 1 2 4 2 3 
4 2 1 0 1.93947980722443e-18
-0.005 0.005 -0.01 0.015 0.005 -0.01 0.015 0.005 -0.005 -0.005 0.005 -0.005 0 -4.16333634234449e-19 0 -0.02 0.005 -0.02 0.005 -4.16333634234449e-19 4 1 2 4 2 3 
4 2 1 0 1.74822347316868e-18
-0.005 -0.005 0 0.015 -0.005 0 0.015 0 0 -0.005 0 0 0 -4.16333634234449e-19 0 -0.02 0.005 -0.02 0.005 -4.16333634234449e-19 4 1 2 4 2 3 
5 3 1 0 6.50521303491303e-19
-0.005 0.005 -0.005 -0.005 0 0 -0.005 -0.005 0 -0.005 -0.005 -0.01 -0.005 0.005 -0.01 0.000534711613135452 -0.00553471161313545 0.00553471161313545 -0.000534711613135451 0.00553471161313545 0.00446528838686455 -0.00446528838686455 0.00446528838686455 -0.00446528838686455 -0.00553471161313545 4 5 1 2 4 1 3 4 2 
4 2 1 0 1.73472347597681e-18
-0.005 -0.005 0 0.015 -0.005 0 0.015 -0.005 -0.01 -0.005 -0.005 -0.01 0 -4.16333634234449e-19 0 -0.02 0.01 -0.02 0.01 -4.16333634234449e-19 4 1 2 4 2 3 
4 2 1 0 1.74822347316868e-18
-0.005 0.005 -0.01 0.015 0.005 -0.01 0.015 -0.005 -0.01 -0.005 -0.005 -0.01 0 -4.16333634234449e-19 0 -0.02 0.01 -0.02 0.01 -4.16333634234449e-19 4 1 2 4 2 3 

TShapes 57
Ve
1e-07
-0.005 0.005 0
0 0

0101101
*
Ed
 1e-07 1 1 0
1  1 0 0 0.02
6  1 1 0
6  2 2 0
0

0101000
+57 0 -57 1 *
Ve
1e-07
-0.005 -0.005 0
0 0

0101101
*
Ed
 1e-07 1 1 0
1  2 0 0 0.02
6  3 1 0
6  4 3 0
0

0101000
+55 0 -55 1 *
Ed
 1e-07 1 1 0
1  3 0 0 0.01
6  5 1 0
6  6 4 0
6  7 1 2
0

0101000
+57 0 -55 0 *
Wi

0101100
+56 0 -54 0 -53 0 +53 1 *
Fa
0  1e-07 1 0
2  1
0101000
+52 0 *
Ve
1e-07
0.005 -0.005 0
0 0

0101101
*
Ed
 1e-07 1 1 0
1  4 0 0 0.02
6  8 3 0
6  9 5 0
0

0101000
+50 0 -50 1 *
Ed
 1e-07 1 1 0
1  5 0 0 0.01
6  10 3 0
6  11 4 0
6  12 3 2
0

0101000
+55 0 -50 0 *
Wi

0101100
+54 0 -49 0 -48 0 +48 1 *
Fa
0  1e-07 2 0
2  3
0101000
+47 0 *
Ve
1e-07
0.005 0.005 0
0 0

0101101
*
Ed
 1e-07 1 1 0
1  6 0 0 0.02
6  13 5 0
6  14 2 0
0

0101000
+45 0 -45 1 *
Ed
 1e-07 1 1 0
1  7 0 0 0.01
6  15 5 0
6  16 4 0
6  17 5 2
0

0101000
+50 0 -45 0 *
Wi

0101100
+49 0 -44 0 -43 0 +43 1 *
Fa
0  1e-07 3 0
2  5
0101000
+42 0 *
Ed
 1e-07 1 1 0
1  8 0 0 0.01
6  18 2 0
6  19 4 0
6  20 2 2
0

0101000
+45 0 -57 0 *
Wi

0101100
+44 0 -56 0 -40 0 +40 1 *
Fa
0  1e-07 4 0
2  2
0101000
+39 0 *
Wi

0101100
+53 0 +48 0 +43 0 +40 0 *
Fa
0  1e-07 5 0
2  4
0101000
+37 0 *
Sh

0101100
+51 0 +46 0 +41 0 +38 0 +36 0 -36 1 *
So

0100000
-35 0 *
Co

0100000
+34 0 *
Co

0100000
+33 0 *
Ve
1e-07
-0.005 0.005 -0.005
0 0

0101101
*
Ed
 1e-07 1 1 0
1  9 0 0 0.02
6  21 6 0
6  22 7 0
0

0101000
+31 0 -31 3 *
Ve
1e-07
-0.005 0 0
0 0

0101101
*
Ed
 1e-07 1 1 0
1  10 0 0 0.02
6  23 6 0
6  24 8 0
0

0101000
+29 0 -29 3 *
Ed
 1e-07 1 1 0
1  11 0 0 0.00707106781186548
6  25 6 0
6  26 9 0
6  27 6 4
0

0101000
+31 0 -29 0 *
Wi

0101100
+30 0 -28 0 -27 0 +27 3 *
Fa
0  1e-07 6 0
2  6
0101000
+26 0 *
Ve
1e-07
-0.005 -0.005 0
0 0

0101101
*
Ed
 1e-07 1 1 0
1  12 0 0 0.02
6  28 8 0
6  29 10 0
0

0101000
+24 0 -24 3 *
Ed
 1e-07 1 1 0
1  13 0 0 0.005
6  30 8 0
6  31 9 0
6  32 8 4
0

0101000
+24 0 -29 0 *
Wi

0101100
+23 0 -28 0 -22 0 +22 3 *
Fa
0  1e-07 7 0
2  8
0101000
+21 0 *
Ve
1e-07
-0.005 -0.005 -0.01
0 0

0101101
*
Ed
 1e-07 1 1 0
1  14 0 0 0.02
6  33 10 0
6  34 11 0
0

0101000
+19 0 -19 3 *
Ed
 1e-07 1 1 0
1  15 0 0 0.01
6  35 10 0
6  36 9 0
6  37 10 4
0

0101000
+24 0 -19 0 *
Wi

0101100
+23 0 -18 0 -17 0 +17 3 *
Fa
0  1e-07 8 0
2  10
0101000
+16 0 *
Ve
1e-07
-0.005 0.005 -0.01
0 0

0101101
*
Ed
 1e-07 1 1 0
1  16 0 0 0.02
6  38 11 0
6  39 7 0
0

0101000
+14 0 -14 3 *
Ed
 1e-07 1 1 0
1  17 0 0 0.01
6  40 11 0
6  41 9 0
6  42 11 4
0

0101000
+14 0 -19 0 *
Wi

0101100
+13 0 -18 0 -12 0 +12 3 *
Fa
0  1e-07 9 0
2  11
0101000
+11 0 *
Ed
 1e-07 1 1 0
1  18 0 0 0.005
6  43 7 0
6  44 9 0
6  45 7 4
0

0101000
+14 0 -31 0 *
Wi

0101100
+13 0 -30 0 -9 0 +9 3 *
Fa
0  1e-07 10 0
2  7
0101000
+8 0 *
Wi

0101100
+27 0 -22 0 +17 0 -12 0 +9 0 *
Fa
0  1e-07 11 0
2  9
0101000
+6 0 *
Sh

0101100
+25 0 -20 0 +15 0 -10 0 +7 0 +5 0 -5 3 *
So

0100000
-4 0 *
Co

0100000
+3 0 *
Co

1100000
+32 0 +2 0 *

+1 0 