DBRep_DrawableShape

CASCADE Topology V3, (c) Open Cascade
Locations 2
1
              1               0               0              -0 
              0               1               0            0.01 
              0               0               1               0 
2  1 -1 0
Curve2ds 0
Curves 13
1 0.0050000000000000001 0 0.0050000000000000001 -0 1 0 
1 -0.0050000000000000001 0 0.0050000000000000001 -0 1 0 
1 0.0050000000000000001 0 0.0050000000000000001 -1 0 0 
1 -0.0050000000000000001 0 -0.0050000000000000001 -0 1 0 
1 -0.0050000000000000001 0 -0.0050000000000000001 0 0 1 
1 0.0050000000000000001 0 -0.0050000000000000001 -0 1 0 
1 -0.0050000000000000001 0 -0.0050000000000000001 1 0 0 
1 0.0050000000000000001 0 -0.0050000000000000001 0 0 1 
1 0.0050000000000000001 -8.6736173798840355e-19 -0.0049999999999999992 0 -1.7347234759768071e-16 1 
1 -0.0049999999999999992 -8.6736173798840355e-19 0.005000000000000001 1 -1.7347234759768073e-16 0 
1 -0.0049999999999999992 -8.6736173798840355e-19 0.005000000000000001 0 1.7347234759768071e-16 -1 
1 1.7347234759768071e-18 -8.6736173798840355e-19 -0.0049999999999999992 -0.70710678118654757 1.2266347333466991e-16 0.70710678118654746 
1 0.0050000000000000001 -8.6736173798840355e-19 -0.0049999999999999992 -1 0 0 
Polygon3D 0
PolygonOnTriangulations 20
2 1 2 
p 5.0001e-06 1 0 0.01 
2 4 3 
p 5.0001e-06 1 0 0.01 
2 4 3 
p 5.0001e-06 1 0 0.01 
2 4 3 
p 5.0001e-06 1 0 0.01 
2 1 4 
p 5.0001e-06 1 0 0.01 
2 1 2 
p 5.0001e-06 1 0 0.01 
2 2 3 
p 5.0001e-06 1 0 0.01 
2 1 2 
p 5.0001e-06 1 0 0.01 
2 1 2 
p 5.0001e-06 1 0 0.01 
2 1 4 
p 5.0001e-06 1 0 0.01 
2 3 2 
p 5.0001e-06 1 0 0.01 
2 2 3 
p 5.0001e-06 1 0 0.01 
2 4 3 
p 5.0001e-06 1 0 0.01 
2 1 2 
p 5.0001e-06 1 0 0.01 
2 1 4 
p 5.0001e-06 1 0 0.01 
2 3 4 
p 5.0001e-06 1 0 0.01 
2 2 3 
p 5.0001e-06 1 0 0.01 
2 1 4 
p 5.0001e-06 1 0 0.01 
2 4 1 
p 5.0001e-06 1 0 0.01 
2 2 3 
p 5.0001e-06 1 0 0.01 
Surfaces 6
1 0.0050000000000000001 0 0.0050000000000000001 0 0 1 -1 0 0 0 -1 0 
1 -0.0050000000000000001 0 -0.0050000000000000001 1 0 -0 0 0 1 0 -1 0 
1 -0.0050000000000000001 0 -0.0050000000000000001 0 0 -1 1 0 0 0 -1 0 
1 0.0050000000000000001 0 -0.0050000000000000001 1 0 -0 0 0 1 0 -1 0 
1 -1.6940658945086007e-19 0 0 -0 -1 -0 0 0 -1 1 -0 0 
1 0.00053471161313545202 -1.1940921047234429e-18 0.00053471161313545289 -0 -1 -0 0 0 -1 1 -0 0 
Triangulations 5
4 2 1 0 2.16840434497101e-19
0.005 0 0.005 0.005 0.01 0.005 -0.005 0.01 0.005 -0.005 0 0.005 0 -2.08166817117225e-19 0 -0.01 0.01 -0.01 0.01 -2.08166817117225e-19 4 1 2 4 2 3 
4 2 1 0 2.16840434497101e-19
0.005 0 -0.005 0.005 0.01 -0.005 0.005 0.01 0.005 0.005 0 0.005 0 -2.08166817117225e-19 0 -0.01 0.01 -0.01 0.01 -2.08166817117225e-19 4 1 2 4 2 3 
4 2 1 0 2.16840434497101e-19
-0.005 0 -0.005 -0.005 0.01 -0.005 -0.005 0.01 0.005 -0.005 0 0.005 0 -2.08166817117225e-19 0 -0.01 0.01 -0.01 0.01 -2.08166817117225e-19 4 1 2 4 2 3 
4 2 1 0 2.16840434497101e-19
0.005 0 0.005 -0.005 0 0.005 -0.005 0 -0.005 0.005 0 -0.005 -0.005 0.005 -0.005 -0.005 0.005 -0.005 0.005 0.005 4 1 2 4 2 3 
4 2 1 0 2.16840434497101e-19
-0.005 0 -0.005 -0.005 0.01 -0.005 0.005 0.01 -0.005 0.005 0 -0.005 0 -2.08166817117225e-19 0 -0.01 0.01 -0.01 0.01 -2.08166817117225e-19 4 1 2 4 2 3 

TShapes 40
Ve
1e-07
0.005 0 0.005
0 0

0101101
*
Ed
 1e-07 1 1 0
1  1 0 0 0.01
6  1 1 0
6  2 2 0
0

0101000
+40 0 -40 1 *
Ve
1e-07
-0.005 0 0.005
0 0

0101101
*
Ed
 1e-07 1 1 0
1  2 0 0 0.01
6  3 1 0
6  4 3 0
0

0101000
+38 0 -38 1 *
Ed
 1e-07 1 1 0
1  3 0 0 0.01
6  5 1 0
6  6 4 0
6  7 1 2
0

0101000
+40 0 -38 0 *
Wi

0101100
+39 0 -37 0 -36 0 +36 1 *
Fa
0  1e-07 1 0
2  1
0101000
+35 0 *
Ve
1e-07
-0.005 0 -0.005
0 0

0101101
*
Ed
 1e-07 1 1 0
1  4 0 0 0.01
6  8 3 0
6  9 5 0
0

0101000
+33 0 -33 1 *
Ed
 1e-07 1 1 0
1  5 0 0 0.01
6  10 3 0
6  11 4 0
6  12 3 2
0

0101000
+33 0 -38 0 *
Wi

0101100
+32 0 -37 0 -31 0 +31 1 *
Fa
0  1e-07 2 0
2  3
0101000
+30 0 *
Ve
1e-07
0.005 0 -0.005
0 0

0101101
*
Ed
 1e-07 1 1 0
1  6 0 0 0.01
6  13 5 0
6  14 2 0
0

0101000
+28 0 -28 1 *
Ed
 1e-07 1 1 0
1  7 0 0 0.01
6  15 5 0
6  16 4 0
6  17 5 2
0

0101000
+33 0 -28 0 *
Wi

0101100
+32 0 -27 0 -26 0 +26 1 *
Fa
0  1e-07 3 0
2  5
0101000
+25 0 *
Ed
 1e-07 1 1 0
1  8 0 0 0.01
6  18 2 0
6  19 4 0
6  20 2 2
0

0101000
+28 0 -40 0 *
Wi

0101100
+27 0 -39 0 -23 0 +23 1 *
Fa
0  1e-07 4 0
2  2
0101000
+22 0 *
Wi

0101100
+36 0 -31 0 +26 0 +23 0 *
Fa
0  1e-07 5 0
2  4
0101000
+20 0 *
Sh

0101100
+34 0 -29 0 +24 0 +21 0 +19 0 -19 1 *
So

0100000
+18 0 *
Co

0100000
+17 0 *
Co

0100000
+16 0 *
Ve
1e-07
0.005 -8.67361737988404e-19 -0.005
0 0

0101101
*
Ve
1e-07
0.005 -2.60208521396521e-18 0.005
0 0

0101101
*
Ed
 1e-07 1 1 0
1  9 0 0 0.01
0

0101000
+14 0 -13 0 *
Ve
1e-07
-0.005 -8.67361737988404e-19 0.005
0 0

0101101
*
Ed
 1e-07 1 1 0
1  10 0 0 0.01
0

0101000
+11 0 -13 0 *
Ve
1e-07
-0.005 0 6.12323399573677e-19
0 0

0101101
*
Ed
 1e-07 1 1 0
1  11 0 0 0.005
0

0101000
+11 0 -9 0 *
Ve
1e-07
1.73472347597681e-18 -8.67361737988404e-19 -0.005
0 0

0101101
*
Ed
 1e-07 1 1 0
1  12 0 0 0.00707106781186548
0

0101000
+7 0 -9 0 *
Ed
 1e-07 1 1 0
1  13 0 0 0.005
0

0101000
+14 0 -7 0 *
Wi

0101100
+12 0 -10 0 +8 0 -6 0 -5 0 *
Fa
0  1e-07 6 0

0111000
+4 0 *
Co

0100000
+3 0 *
Co

1100000
+15 0 +2 0 *

+1 0 