DBRep_DrawableShape

CASCADE Topology V3, (c) Open Cascade
Locations 4
1
              1               0               0              -0 
              0               1               0            0.01 
              0               0               1               0 
2  1 -1 0
1
              1               0               0               0 
              0               1               0           0.025 
              0               0               1               0 
2  3 -1 0
Curve2ds 22
1 0.01 0 0 -1 
1 -0.0050000000000000001 0.0050000000000000001 0 -1 
1 0.01 0 0 -1 
1 0.0050000000000000001 0.0050000000000000001 -1 0 
1 0 0 1 0 
1 0 -0.01 1 0 
1 0.0050000000000000001 -0.0050000000000000001 -1 0 
1 0 0 -1.2266347333466991e-16 -1 
1 0.0050000000000000001 -1.8055593228630336e-35 -1.7347234759768071e-16 -1 
1 0.005000000000000001 0 0 -1 
1 0 0 1 0 
1 0 -0.01 1 0 
1 0.0050000000000000001 -0.0050000000000000001 0 1 
1 0 0 1 1.2809296117681126e-32 
1 -3.0665868333667479e-18 -0.025000000000000001 1 1.2809296117681126e-32 
1 0.0017677669529663695 -0.0032322330470336302 -0.70710678118654757 0.70710678118654746 
1 -6.123233995736766e-19 -0.0049999999999999992 0.70710678118654746 0.70710678118654757 
8 -0.0017677669529663706 0.0053033008588991085
1 0.0012499999999999994 -0.003749999999999999 0.70710678118654746 0.70710678118654757 
8 -0.0017677669529663706 0.0053033008588991085
1 0.0017677669529663678 -0.01 1 -1.2266347333466988e-16 
1 0.005000000000000001 -9.0518707386200037e-35 -3.4694469519536137e-16 -1 
1 0.0070710678118654762 1.1423171982646793e-34 -1.2266347333466991e-16 -1 
1 0.0050000000000000018 8.6736173798840355e-19 0 -1 
Curves 11
1 0.0050000000000000001 0 0.0050000000000000001 -0 1 0 
1 -0.0050000000000000001 0 0.0050000000000000001 -0 1 0 
1 0.0050000000000000001 0 0.0050000000000000001 -1 0 0 
1 0.0050000000000000001 0 -0.0050000000000000001 -0 1 0 
1 0.0050000000000000001 0 -0.0050000000000000001 0 0 1 
1 -0.0050000000000000001 0 -0.0050000000000000001 0 0 1 
1 -0.0049999999999999992 0 6.123233995736766e-19 0 1 0 
1 -0.0050000000000000001 0 -0.0050000000000000001 1 0 0 
1 -0.0049999999999999992 0 6.123233995736766e-19 0.70710678118654757 -1.2266347333466991e-16 -0.70710678118654746 
1 -0.003749999999999999 0.01 -0.0012499999999999994 0.70710678118654757 0 -0.70710678118654746 
1 1.7347234759768071e-18 -8.6736173798840355e-19 -0.0049999999999999992 0 1 0 
Polygon3D 0
PolygonOnTriangulations 34
2 1 2 
p 5.0001e-06 1 0 0.01 
2 4 3 
p 5.0001e-06 1 0 0.01 
2 4 3 
p 5.0001e-06 1 0 0.01 
2 4 3 
p 5.0001e-06 1 0 0.01 
2 2 4 
p 5.0001e-06 1 0 0.01 
2 1 2 
p 5.0001e-06 1 0 0.01 
2 1 4 
p 5.0001e-06 1 0 0.01 
2 2 3 
p 5.0001e-06 1 0 0.01 
2 2 3 
p 5.0001e-06 1 0 0.01 
2 2 3 
p 5.0001e-06 1 0 0.01 
2 4 3 
p 5.0001e-06 1 0 0.01 
2 1 2 
p 5.0001e-06 1 0 0.01 
2 2 4 
p 5.0001e-06 1 0 0.01 
2 4 1 
p 5.0001e-06 1 0 0.01 
2 1 4 
p 5.0001e-06 1 0 0.01 
2 1 2 
p 5.0001e-06 1 0 0.01 
2 2 3 
p 5.0001e-06 1 0 0.01 
2 1 2 
p 5.0001e-06 1 0 0.01 
2 1 2 
p 5.00015e-06 1 0.005 0.01 
2 4 3 
p 5.00015e-06 1 0.005 0.01 
2 3 4 
p 5.00015e-06 1 0.005 0.01 
2 4 3 
p 5.00015e-06 1 0.005 0.01 
2 1 3 
p 5.00015e-06 1 0 0.01 
2 1 3 
p 5.00015e-06 1 0 0.01 
2 5 1 
p 5.00015e-06 1 0.005 0.01 
2 1 2 
p 5.00015e-06 1 0.005 0.01 
2 4 5 
p 5.00015e-06 1 0 0.00707106781186548 
2 1 2 
p 5.00015e-06 1 0 0.00707106781186548 
2 5 1 
p 5.00015e-06 1 0.005 0.01 
2 3 4 
p 5.00015e-06 1 0.005 0.01 
2 4 5 
p 5.00015e-06 1 -0.00176776695296637 0.00530330085889911 
2 3 4 
p 5.00015e-06 1 -0.00176776695296637 0.00530330085889911 
2 1 3 
p 5.00015e-06 1 0 0.01 
2 2 4 
p 5.00015e-06 1 0 0.01 
Surfaces 9
1 0.0050000000000000001 0 0.0050000000000000001 0 0 1 -1 0 0 0 -1 0 
1 -0.0050000000000000001 0 -0.0050000000000000001 1 0 -0 0 0 1 0 -1 0 
1 -1.6940658945086007e-19 0 0 -0 -1 -0 0 0 -1 1 -0 0 
1 0.0050000000000000001 0 -0.0050000000000000001 1 0 -0 0 0 1 0 -1 0 
1 -0.0050000000000000001 0 -0.0050000000000000001 0 0 -1 1 0 0 0 -1 0 
1 -0.0049999999999999992 0 6.123233995736766e-19 -0.70710678118654746 0 -0.70710678118654757 0.70710678118654757 -1.2266347333466991e-16 -0.70710678118654746 -8.6736173798840342e-17 -1 8.673617379884033e-17 
1 -0.0049999999999999992 8.6736173798840355e-19 -0.0049999999999999992 1 0 -0 0 -1.7347234759768071e-16 1 0 -1 -1.7347234759768071e-16 
1 -0.0032322330470336297 -5.261431202162091e-20 -0.0032322330470336297 -3.4694469519536122e-16 -1 -0 -1 3.4694469519536122e-16 0 0 0 -1 
1 -0.0049999999999999992 8.6736173798840355e-19 -0.0049999999999999992 0 0 -1 1 -3.4694469519536137e-16 0 -3.4694469519536137e-16 -1 -0 
Triangulations 10
4 2 1 0 2.16840434497101e-19
0.005 0 0.005 0.005 0.01 0.005 -0.005 0.01 0.005 -0.005 0 0.005 0 -2.08166817117225e-19 0 -0.01 0.01 -0.01 0.01 -2.08166817117225e-19 4 1 2 4 2 3 
4 2 1 0 2.16840434497101e-19
0.005 0 -0.005 0.005 0.01 -0.005 0.005 0.01 0.005 0.005 0 0.005 0 -2.08166817117225e-19 0 -0.01 0.01 -0.01 0.01 -2.08166817117225e-19 4 1 2 4 2 3 
4 2 1 0 2.16840434497101e-19
-0.005 0 -0.005 -0.005 0.01 -0.005 -0.005 0.01 0.005 -0.005 0 0.005 0 -2.08166817117225e-19 0 -0.01 0.01 -0.01 0.01 -2.08166817117225e-19 4 1 2 4 2 3 
4 2 1 0 1.0842021724855e-18
-0.005 0 6.12323399573677e-19 -0.005 0 0.005 -0.005 0.01 7.3984256878104e-19 -0.005 0.01 0.005 0.005 -2.08166817117225e-19 0.01 -2.08166817117225e-19 0.005 -0.01 0.01 -0.01 2 1 3 2 3 4 
4 2 1 0 2.16840434497101e-19
0.005 0 0.005 -0.005 0 0.005 -0.005 0 -0.005 0.005 0 -0.005 -0.005 0.005 -0.005 -0.005 0.005 -0.005 0.005 0.005 4 1 2 4 2 3 
5 3 1 0 6.1331736667335e-19
0.005 0 -0.005 0.005 0 0.005 -0.005 0 0.005 -0.005 0 6.12323399573677e-19 1.73472347597681e-18 -8.67361737988404e-19 -0.005 0.005 0.005 -0.005 0.005 -0.005 -0.005 -7.97972798949332e-19 -0.005 0.005 1.80411241501588e-18 2 3 4 5 2 4 1 2 5 
5 3 1 0 1.79440468144706e-18
0.005 0.01 -0.005 0.005 0.01 0.005 -0.005 0.01 0.005 -0.005 0.01 7.3984256878104e-19 1.73472347597681e-18 0.01 -0.005 0.005 0.005 -0.005 0.005 -0.005 -0.005 -1.66533453693773e-18 -0.005 0.005 1.80411241501588e-18 2 3 4 5 2 4 1 2 5 
4 2 1 0 2.16840434497101e-19
-0.005 0 -0.005 -0.005 0.01 -0.005 0.005 0.01 -0.005 0.005 0 -0.005 0 -2.08166817117225e-19 0 -0.01 0.01 -0.01 0.01 -2.08166817117225e-19 4 1 2 4 2 3 
4 2 1 0 1.56365861034638e-18
1.73472347597681e-18 -8.67361737988404e-19 -0.005 0.005 0 -0.005 1.73472347597681e-18 0.01 -0.005 0.005 0.01 -0.005 0.005 2.01227923213309e-18 0.01 2.77555756156284e-19 0.005 -0.01 0.01 -0.01 2 1 3 2 3 4 
4 2 1 0 9.69739903612216e-19
-0.005 0 6.12323399573677e-19 1.73472347597681e-18 -8.67361737988404e-19 -0.005 -0.005 0.01 7.3984256878104e-19 1.73472347597681e-18 0.01 -0.005 1.44444745829043e-34 2.77555756156283e-19 0.00707106781186548 2.77555756156283e-19 -2.81892564846231e-18 -0.01 0.00707106781186548 -0.01 2 1 3 2 3 4 

TShapes 37
Ve
1e-07
0.005 0 0.005
0 0

0101101
*
Ed
 1e-07 1 1 0
1  1 0 0 0.01
6  1 1 0
6  2 2 0
0

0101000
+37 0 -37 1 *
Ve
1e-07
-0.005 0 0.005
0 0

0101101
*
Ed
 1e-07 1 1 0
1  2 0 0 0.01
6  3 3 0
2  1 2 0 0 0.01
6  4 1 0
6  5 4 0
0

0101000
+35 0 -35 1 *
Ed
 1e-07 1 1 0
1  3 0 0 0.01
6  6 5 0
2  2 3 0 0 0.01
6  7 1 0
6  8 6 0
6  9 1 2
6  10 7 2
0

0101000
+37 0 -35 0 *
Wi

0101100
+36 0 -34 0 -33 0 +33 1 *
Fa
0  1e-07 1 0
2  1
0101000
+32 0 *
Ve
1e-07
0.005 0 -0.005
0 0

0101101
*
Ed
 1e-07 1 1 0
1  4 0 0 0.01
6  11 8 0
2  3 5 0 0 0.01
6  12 2 0
6  13 9 0
0

0101000
+30 0 -30 1 *
Ed
 1e-07 1 1 0
1  5 0 0 0.01
6  14 5 0
2  4 3 0 0 0.01
6  15 2 0
6  16 6 0
6  17 2 2
6  18 7 2
0

0101000
+30 0 -37 0 *
Wi

0101100
+29 0 -36 0 -28 0 +28 1 *
Fa
0  1e-07 4 0
2  2
0101000
+27 0 *
Ve
1.00000000001177e-07
-0.005 0 6.12323399573677e-19
0 0

0101101
*
Ed
 1e-07 1 1 0
1  6 0 0.005 0.01
2  5 2 0 0.005 0.01
2  6 2 2 0.005 0.01
2  7 3 0 0.005 0.01
6  19 4 0
6  20 6 0
0

0101000
+25 0 -35 0 *
Ve
1.50000000001338e-07
-0.005 0.01 7.3984256878104e-19
0 0

0101101
*
Ed
 1e-07 1 1 0
1  6 0 0.005 0.01
2  5 2 0 0.005 0.01
2  6 2 2 0.005 0.01
2  7 3 0 0.005 0.01
6  21 4 2
6  22 7 2
0

0101000
+23 2 -35 0 *
Ed
 1.00000000000867e-07 1 1 0
1  7 0 0 0.01
2  8 6 0 0 0.01
2  9 7 0 0 0.01
2  10 2 0 0 0.01
6  23 4 0
6  24 10 0
0

0101000
+25 0 -23 0 *
Wi

0101100
-24 0 -34 0 +22 1 +21 0 *
Fa
0  1e-07 2 0
2  4
0101000
+20 0 *
Ve
1.00000000001227e-07
1.73472347597681e-18 -8.67361737988404e-19 -0.005
0 0

0101101
*
Ed
 1e-07 1 1 0
1  8 0 0.005 0.01
2  11 5 0 0.005 0.01
2  12 5 2 0.005 0.01
2  13 3 0 0.005 0.01
6  25 6 0
6  26 9 0
0

0101000
+18 0 -30 0 *
Ed
 1.00000000000795e-07 1 1 0
1  9 0 0 0.00707106781186548
2  14 6 0 0 0.00707106781186548
2  15 6 4 0 0.00707106781186548
2  16 8 0 0 0.00707106781186548
2  17 3 0 0 0.00707106781186548
6  27 6 0
6  28 10 0
0

0101000
+25 0 -18 0 *
Wi

0101100
+28 0 +17 0 +16 0 -24 0 +33 0 *
Fa
0  1e-07 3 0
2  6
0101000
+15 0 *
Ve
1.50000000002165e-07
1.73472347597681e-18 0.01 -0.005
0 0

0101101
*
Ed
 1e-07 1 1 0
1  8 0 0.005 0.01
2  11 5 0 0.005 0.01
2  12 5 2 0.005 0.01
2  13 3 0 0.005 0.01
6  29 7 2
6  30 9 2
0

0101000
+13 2 -30 0 *
Ed
 1.5e-07 1 1 0
1  10 0 -0.00176776695296637 0.00530330085889911
2  18 3 1 -0.00176776695296637 0.00530330085889911
2  19 6 0 -0.00176776695296637 0.00530330085889911
6  31 7 0
6  32 10 0
0

0101000
+23 0 -13 0 *
Wi

0101100
+28 1 +12 1 +11 0 -22 1 +33 1 *
Fa
0  1e-07 3 1
2  7
0101000
+10 0 *
Ed
 1.00000000000867e-07 1 1 0
1  11 0 0 0.01
2  20 9 0 0 0.01
2  21 6 0 0 0.01
2  22 5 0 0 0.01
6  33 9 0
6  34 10 0
0

0101000
+18 0 -13 0 *
Wi

0101100
-17 0 -29 0 +12 1 +8 0 *
Fa
0  1e-07 5 0
2  9
0101000
+7 0 *
Wi

0101100
-16 0 -8 0 +11 0 +21 0 *
Fa
0  1e-07 6 0
2  10
0101000
+5 0 *
Sh

0101100
+31 0 +26 0 -19 0 +14 0 -9 0 +6 0 +4 0 *
So

0100000
+3 0 *
Co

1100000
+2 0 *

+1 0 