DBRep_DrawableShape

CASCADE Topology V3, (c) Open Cascade
Locations 0
Curve2ds 0
Curves 4
1 0.0050000000000000001 0 0.0050000000000000001 -1 0 0 
1 -0.0050000000000000001 0 -0.0050000000000000001 0 0 1 
1 -0.0050000000000000001 0 -0.0050000000000000001 1 0 0 
1 0.0050000000000000001 0 -0.0050000000000000001 0 0 1 
Polygon3D 0
PolygonOnTriangulations 0
Surfaces 1
1 -1.6940658945086007e-19 0 0 -0 -1 -0 0 0 -1 1 -0 0 
Triangulations 0

TShapes 12
Ve
1e-07
0.005 0 0.005
0 0

0101101
*
Ve
1e-07
-0.005 0 0.005
0 0

0101101
*
Ed
 1e-07 1 1 0
1  1 0 0 0.01
0

0101000
+12 0 -11 0 *
Ve
1e-07
-0.005 0 -0.005
0 0

0101101
*
Ed
 1e-07 1 1 0
1  2 0 0 0.01
0

0101000
+9 0 -11 0 *
Ve
1e-07
0.005 0 -0.005
0 0

0101101
*
Ed
 1e-07 1 1 0
1  3 0 0 0.01
0

0101000
+9 0 -7 0 *
Ed
 1e-07 1 1 0
1  4 0 0 0.01
0

0101000
+7 0 -12 0 *
Wi

0101100
+10 0 -8 0 +6 0 +5 0 *
Fa
0  1e-07 1 0

0111000
+4 0 *
Co

0100000
+3 0 *
Co

1100000
+2 0 *

+1 0 