DBRep_DrawableShape

CASCADE Topology V3, (c) Open Cascade
Locations 5
1
              1               0               0              -0 
              0               1               0              -0 
              0               0               1               0 
1
              1              -0               0               0 
              0               1              -0               0 
              0               0               1               0 
1
              1               0               0               0 
              0               1               0               0 
              0               0               1               0 
2  1 1 2 1 3 1 0
2  2 -1 1 -1 0
Curve2ds 4
1 -5 0 0 1 
1 0 -10 1 0 
1 5 0 0 1 
1 0 10 1 0 
Curves 4
1 -5 0 0 -0 1 0 
1 0 -10 0 1 0 -0 
1 5 0 0 -0 1 0 
1 0 10 0 1 0 -0 
Polygon3D 0
PolygonOnTriangulations 0
Surfaces 1
1 0 0 0 0 0 1 1 0 -0 -0 1 0 
Triangulations 0

TShapes 11
Ve
1e-07
-5 -10 0
0 0

0101101
*
Ve
1e-07
-5 10 0
0 0

0101101
*
Ed
 1e-07 1 1 0
1  1 0 -10 10
2  1 1 0 -10 10
0

0101000
+11 5 -10 5 *
Ve
1e-07
5 -10 0
0 0

0101101
*
Ed
 1e-07 1 1 0
1  2 0 -5 5
2  2 1 0 -5 5
0

0101000
+11 5 -8 5 *
Ve
1e-07
5 10 0
0 0

0101101
*
Ed
 1e-07 1 1 0
1  3 0 -10 10
2  3 1 0 -10 10
0

0101000
+8 5 -6 5 *
Ed
 1e-07 1 1 0
1  4 0 -5 5
2  4 1 0 -5 5
0

0101000
+10 5 -6 5 *
Wi

0101100
-9 0 +7 0 +5 0 -4 0 *
Fa
0  1e-07 1 0

0101000
+3 0 *
Co

1100000
+2 4 *

+1 0 